0.37877223151736 0.444576365873218 1
0.151148354867473 0.410876214038581 1
0.789411721518263 0.559353520162404 2
0.434299835236743 0.379798098001629 1
0.434023239417002 0.953320037573576 1
0.113169249380007 0.591790241654962 1
0.944514009868726 0.569947588257492 2
0.57479268242605 0.0804217425175011 2
0.730672879843041 0.417897203937173 2
0.411059277364984 0.298058237414807 1
0.268927642842755 0.702305899001658 1
0.512644340516999 0.773027429822832 1
0.325672675622627 0.628924854099751 1
0.527200259501114 0.58807367971167 1
0.287041887408122 0.74048416223377 1
0.978680233703926 0.164476655889302 2
0.0170019816141576 0.894659137353301 1
0.594669817248359 0.0862090508453548 2
0.915641030063853 0.243013185448945 2
0.638601274462417 0.948508358094841 1
0.099527359707281 0.820292238146067 1
0.29372574784793 0.465237712021917 1
0.876013751840219 0.603445748798549 2
0.395718238549307 0.319410790223628 1
0.933361953822896 0.14974925108254 2
0.0607903993222862 0.491255778353661 1
0.918562503298745 0.173403480090201 2
0.00618614000268281 0.0481933974660933 2
0.324724864913151 0.669985055923462 1
0.60993504547514 0.631103993859142 1
0.859912879532203 0.448123729787767 2
0.00673860614188015 0.121258691418916 2
0.719300525961444 0.177781192585826 2
0.766864260891452 0.222289606463164 2
0.432522995164618 0.314506446011364 1
0.954922252567485 0.941574125085026 2
0.208098076982424 0.509042736142874 1
0.615400295937434 0.205408242996782 2
0.946792859351262 0.361661049537361 2
0.981831058161333 0.0923439678736031 2
0.345810740021989 0.630595171824098 1
0.956467451760545 0.419065784197301 2
0.76567375077866 0.253953308798373 2
0.657340740086511 0.663181180600077 1
0.781675194157287 0.79448127001524 1
0.079576455289498 0.457300239708275 1
0.591777592664585 0.166552214883268 2
0.167843128787354 0.138779290486127 2
0.702830950496718 0.754757961258292 1
0.846808834234253 0.0895036230795085 2
0.566986327758059 0.283476856537163 1
0.806480542989448 0.850084266159683 1
0.0901797271799296 0.0467932112514973 2
0.0893012920860201 0.242843826767057 2
0.184561293339357 0.358143295161426 1
0.775880164699629 0.987966392654926 1
0.78674482437782 0.329062895849347 2
0.316230083117262 0.547186497133225 1
0.0137525962200016 0.336411439813673 2
0.303388414205983 0.179392146412283 2
0.378530499292538 0.787447676062584 1
0.736295387381688 0.442516909446567 2
0.236908487742767 0.0421319222077727 2
0.0688053250778466 0.626096070278436 1
0.887881341157481 0.6020298730582 2
0.59170568571426 0.848861842881888 1
0.999084738781676 0.925192971713841 2
0.944618919165805 0.805752648506314 2
0.279341646237299 0.476390343159437 1
0.804662134731188 0.398711455520242 2
0.570154014742002 0.872067290358245 1
0.0487395816016942 0.735648181755096 1
0.778014792827889 0.229405352845788 2
0.936342941829935 0.231941159348935 2
0.319415250560269 0.0788589278236032 2
0.1097344357986 0.798852662090212 1
0.000422616256400943 0.449543453752995 1
0.45838774018921 0.35323349526152 1
0.50270302570425 0.986850156448781 1
0.144561718450859 0.132891647983342 2
0.897864783881232 0.211662357673049 2
0.336881963768974 0.552000008057803 1
0.861996939172968 0.280548346228898 2
0.448805154534057 0.580918139312416 1
0.512278170092031 0.856305811554193 1
0.928841222310439 0.884803121443838 2
0.0375309844966978 0.948232839815319 1
0.899408332305029 0.205384452361614 2
0.544596231309697 0.83150047250092 1
0.191195676336065 0.72027801303193 1
0.792402924736962 0.405001827515662 2
0.569909078301862 0.364214094821364 1
0.735608380986378 0.597052782773972 1
0.202274412149563 0.346554489340633 1
0.0496836674865335 0.678319222293794 1
0.658173832343891 0.349473640788347 2
0.0593193646054715 0.591345844790339 1
0.995789816835895 0.141178860794753 2
0.742026639869437 0.656061534769833 1
0.726632022531703 0.588544605765492 1
0.728808634681627 0.260636296123266 2
0.707321953261271 0.303535816725343 2
0.473777163540944 0.397064748220146 1
0.255010440247133 0.407795321661979 1
0.014589725760743 0.150851184502244 2
0.0333029350731522 0.14977030036971 1
0.99558182968758 0.504171193577349 2
0.505567615153268 0.358752811793238 1
0.875469629419968 0.061884842813015 2
0.00250130170024931 0.970209383871406 1
0.491497874027118 0.559776424430311 1
0.700828190194443 0.106774665880948 2
0.401908169267699 0.264395764097571 1
0.0600063933525234 0.449284143280238 1
0.678602551808581 0.623876092024148 1
0.513817296596244 0.88222091505304 1
0.0718773759435862 0.779103476554155 1
0.463712726021186 0.647951533552259 1
0.719102512812242 0.794612820260227 1
0.870794928865507 0.494125906843692 2
0.819220862118527 0.718585418537259 2
0.993304366478696 0.548616263549775 2
0.944943176349625 0.831323080696166 2
0.0664903197903186 0.906370180193335 1
0.914513197494671 0.691573813557625 2
0.971739307278767 0.16255267104134 2
0.394918106263503 0.840084067545831 1
0.191836315440014 0.376352340448648 1
0.658419283805415 0.269752545282245 2
0.599233841756359 0.199826597701758 2
0.164278385927901 0.0217605726793408 2
0.874203750165179 0.156160934362561 2
0.887553729815409 0.517054032534361 2
0.599746939027682 0.301717264112085 1
0.56684199324809 0.482551860623062 1
0.330135821597651 0.756246325094253 1
0.29284022632055 0.581456104293466 1
0.179964618990198 0.835639144759625 1
0.109603175660595 0.107038543559611 2
0.730582465650514 0.771592567209154 1
0.550370921147987 0.349278874695301 1
0.300784327322617 0.252563843037933 1
0.27984182513319 0.493729456327856 1
0.878634731518105 0.270389281678945 2
0.264765794156119 0.161981618031859 2
0.261299310484901 0.00694196624681354 2
0.144732853164896 0.953108531422913 1
0.199759156676009 0.745203530881554 1
0.725032032234594 0.595459643751383 1
0.59528299071826 0.0391250005923212 2
0.763455565785989 0.56818167399615 2
0.0445321418810636 0.626651693601161 1
0.472923404304311 0.301841171458364 1
0.280173341045156 0.820287186186761 1
0.411803038557991 0.317523636855185 1
0.303874326171353 0.359571340028197 1
0.683799636317417 0.913784205913544 1
0.258557260269299 0.959847392048687 1
0.619291491573676 0.260824895463884 2
0.336784961866215 0.0416931067593396 2
0.359985786257312 0.0112734120339155 2
0.27215494797565 0.375390991102904 1
0.0187696644570678 0.786938522942364 1
0.210576289566234 0.62481257179752 1
0.336631619138643 0.150916989892721 2
0.0083042795304209 0.0250917351804674 2
0.00852819136343896 0.924427065066993 1
0.253607913153246 0.678462129551917 1
0.10007098200731 0.957743549719453 1
0.558945181081071 0.202633630018681 2
0.226908975979313 0.714609415270388 1
0.920521174790338 0.716082865837961 2
0.41868117894046 0.279498986899853 1
0.192104004556313 0.394632810261101 1
0.839414566522464 0.647107689641416 2
0.969973529921845 0.083696432877332 2
0.786242346046492 0.403443356975913 2
0.435877902666107 0.70055941445753 1
0.638317530741915 0.157894101925194 2
0.954872922273353 0.411076924297959 2
0.677796826465055 0.335647750645876 2
0.474919203901663 0.815159460064024 1
0.95476983091794 0.18983783852309 2
0.025112158851698 0.625422750134021 1
0.618008545367047 0.142791168764234 2
0.859419787535444 0.573376718442887 2
0.383412198862061 0.81575193349272 1
0.0428032849449664 0.527528511825949 1
0.0620223849546164 0.356457397341728 2
0.526595458621159 0.0577745898626745 2
0.319483510917053 0.923940143547952 1
0.0100119591224939 0.930456877220422 1
0.0888235594611615 0.439931882545352 1
0.13467032299377 0.268457978498191 2
0.308430162956938 0.966243823058903 1
0.808991828234866 0.36071045557037 2
0.907096990151331 0.317498605698347 2
0.709361162269488 0.35549516743049 2
0.208015445386991 0.76858879905194 1
0.25491890241392 0.321903672534972 1
0.173586680321023 0.966236958280206 1
0.602861808845773 0.413839693646878 1
0.162928918143734 0.404032246209681 1
0.46112593007274 0.120934645179659 2
0.123955090297386 0.0703186169266701 2
0.765327520901337 0.840752223040909 1
0.391895785694942 0.128309561870992 2
0.516836772905663 0.25665705697611 1
0.516142512438819 0.737804418429732 1
0.328859357396141 0.255722425412387 1
0.787286272039637 0.377881241030991 2
0.477400780888274 0.371052032802254 1
0.38622644613497 0.279941234737635 1
0.503988553071395 0.982890849467367 1
0.327224995708093 0.830479751341045 1
0.667027167277411 0.762900013942271 1
0.616780972806737 0.0529588479548693 2
0.78866089344956 0.0959707978181541 2
0.300200344761834 0.528156408108771 1
0.294019383611158 0.463952633086592 1
0.317736130906269 0.362366825342178 1
0.489721089834347 0.0256702019833028 2
0.342173851793632 0.0628282492980361 2
0.378509494708851 0.877604589331895 1
0.0197372909169644 0.429751394316554 1
0.556897154310718 0.729613497387618 1
0.286189568927512 0.824324910528958 1
0.992692553671077 0.980065523181111 2
0.680004530353472 0.422072317451239 1
0.729284774744883 0.424763498362154 2
0.824483442818746 0.310935500077903 2
0.813560976879671 0.0840318915434182 2
0.500692008761689 0.543459767475724 1
0.994331689784303 0.882343273144215 2
0.983092689653859 0.50245547387749 2
0.98813891899772 0.164858842734247 2
0.559747342718765 0.189511202275753 2
0.35932206385769 0.285258018877357 1
0.408965170150623 0.295733510516584 1
0.311216647969559 0.749232091475278 1
0.254270980833098 0.164088239893317 2
0.935360862175003 0.648016936611384 2
0.469568764558062 0.00271838624030352 2
0.715584920020774 0.36633979389444 2
0.556375578744337 0.958613533526659 1
0.333858225727454 0.799155106302351 1
0.16500074765645 0.911005849950016 1
0.0747693546582013 0.561544422525913 1
0.0815453741233796 0.0938676465302706 2
0.375513846287504 0.926155361812562 1
0.852597163757309 0.906885498203337 1
0.318264809669927 0.472554641310126 1
0.969495561672375 0.524285927414894 2
0.111801341408864 0.682870165910572 1
0.784042201703414 0.160887650214136 2
0.859269756125286 0.968097180593759 1
0.57753166812472 0.104755384847522 2
0.158952629426494 0.859443485271186 1
0.454977569868788 0.875830222852528 1
0.334920653374866 0.349088712129742 1
0.986408927245066 0.119911562651396 2
0.344442304456607 0.614732665475458 1
0.767111871158704 0.0973656056448817 2
0.659026324050501 0.612307724077255 1
0.318691654829308 0.875935414806008 1
0.665972011396661 0.271230306010693 2
0.00282997800968587 0.587027535773814 1
0.387302329065278 0.276566396001726 1
0.869612623704597 0.354850180447102 2
0.56295482092537 0.672486135270447 1
0.612302407389507 0.757777973078191 1
0.395105342613533 0.771382473874837 1
0.0504324387293309 0.931318258866668 1
0.500499604502693 0.103028885554522 2
0.81309469579719 0.672053975053132 2
0.867667527170852 0.388151145074517 2
0.144298911793157 0.151938084512949 2
0.865895409369841 0.770788168068975 2
0.00227677426300943 0.102314571850002 2
0.60283090849407 0.793816913384944 1
0.874606436816975 0.577041001990438 2
0.177595833549276 0.85201634792611 1
0.981032343348488 0.654087641276419 2
0.626281750621274 0.10704547399655 2
0.785855364752933 0.684988141059875 1
0.606703400844708 0.0987104191444814 2
0.9917682481464 0.951516783796251 2
0.1192849308718 0.536895588506013 1
0.43701137858443 0.838967291638255 1
0.810953935841098 0.00853387964889407 2
0.567723853280768 0.885408197529614 1
0.658918314846233 0.583990959916264 1
0.407364868326113 0.316289778798819 1
0.081200938904658 0.557238606270403 1
0.195080417906865 0.923777553252876 1
0.770807131426409 0.804192107636482 1
0.114890306023881 0.400187337771058 1
0.800399961182848 0.493586729746312 2
0.787570470711216 0.484896869398654 2
0.794358347775415 0.134768242482096 2
0.447105620754883 0.534108988940716 1
0.215092979604378 0.196772509720176 2
0.973587184911594 0.372841387055814 2
0.0604950443375856 0.783069141674787 1
0.204431573627517 0.538517912849784 1
0.519392771879211 0.096344209741801 2
0.195793753257021 0.275536444969475 2
0.381890789838508 0.677697023842484 1
0.356051132781431 0.890188325196505 1
0.251467291498557 0.65462597226724 1
0.623232763027772 0.325304354541004 1
0.855704016285017 0.482178424019367 2
0.108268848387524 0.0640023518353701 2
0.00252404273487628 0.911639693658799 1
0.87593557103537 0.721911274828017 2
0.9788123939652 0.171136068645865 2
0.785370227647945 0.937246903777122 1
0.438294455641881 0.592526899185032 1
0.562031678622589 0.418114087544382 1
0.0755472064483911 0.168960750568658 2
0.522981109796092 0.256410552188754 1
0.633018261054531 0.777470618020743 1
0.627358106663451 0.867707272060215 1
0.0379277255851775 0.0509832040406764 2
0.773927041096613 0.166480403393507 2
0.715927865589038 0.134117258246988 2
0.51756877056323 0.836069780401886 1
0.378395586507395 0.807145979721099 1
0.626592649845406 0.802738973870873 1
0.830232726642862 0.712498481851071 2
0.15274385525845 0.273211912252009 2
0.595049162628129 0.668175319675356 1
0.935781021369621 0.945061065256596 2
0.404603727394715 0.302453079726547 1
0.714499190216884 0.249322189949453 2
0.849377940641716 0.494253032375127 2
0.266073073027655 0.734710639342666 1
0.737157551804557 0.35354884667322 2
0.245595624437556 0.952814233489335 1
0.956496895523742 0.726188367698342 2
0.647686929209158 0.453637693077326 1
0.8919410596136 0.457504456397146 2
0.0620484014507383 0.750873635523021 1
0.687880865531042 0.899089891929179 1
0.144837296335027 0.366275133565068 1
0.907915661344305 0.393111336510628 2
0.977736534317955 0.31250483635813 2
0.386598927201703 0.71853736275807 1
0.23659483785741 0.623835653066635 1
0.320441693300381 0.733655543532223 1
0.34151218063198 0.794077998958528 1
0.895048770355061 0.699253604281694 2
0.0102455492597073 0.231108603999019 2
0.995262792566791 0.0168396378867328 2
0.886810017516837 0.0873758839443326 2
0.795191073091701 0.36627638200298 2
0.167150133056566 0.075756873935461 2
0.274990272009745 0.477204558905214 1
0.393756616627797 0.130140724591911 2
0.961283876793459 0.0186302778311074 2
0.841103373793885 0.0201137606054544 2
0.438087495276704 0.341051499824971 1
0.163779819151387 0.27912110183388 2
0.425116961123422 0.055498565081507 2
0.229193513048813 0.0554798468947411 2
0.47035425179638 0.683863782789558 1
0.306718110805377 0.745618819259107 1
0.553746219025925 0.864895083475858 1
0.0351616244297475 0.518919875845313 1
0.148911131778732 0.85022873384878 1
0.840429996838793 0.0935357781127095 2
0.539728031726554 0.27483611414209 1
0.725260988576338 0.372559625655413 2
0.438683901214972 0.436259557958692 1
0.602903377031907 0.799920852296054 1
0.203853643732145 0.567012254614383 1
0.596616468159482 0.545382784679532 1
0.201387876877561 0.834517213981599 1
0.976864920696244 0.878016763366759 2
0.110383537830785 0.0529602938331664 2
0.658083882881328 0.337527826428413 2
0.21701230132021 0.341432289686054 1
0.426889441674575 0.56280695553869 1
0.994781810091808 0.21273508714512 2
0.323609384475276 0.887084884569049 1
0.51780471787788 0.827226876746863 1
0.849009273340926 0.0590624706819654 2
0.503950544865802 0.396081431303173 1
0.918088831705973 0.699392627924681 2
0.0347553456667811 0.968336445745081 1
0.732823643600568 0.351888823322952 2
0.248964189784601 0.0861059394665062 2
0.995727165369317 0.238835135474801 2
0.556581454584375 0.0423317211680114 2
0.136108049890026 0.0797728756442666 2
0.170303930761293 0.725448916200548 1
0.470897783292457 0.583138771355152 1
0.00121174030937254 0.28534055640921 2
0.471923634177074 0.470129712484777 1
0.215592066990212 0.104956232476979 2
