0.102784373564646 0.510870825499296 2
0.844648774946108 0.342815799172968 1
0.042781445896253 0.151983010582626 2
0.813461004989222 0.291219410020858 1
0.746941490797326 0.685641625896096 1
0.556788223097101 0.436737145762891 2
0.887493083020672 0.795987592078745 1
0.860325266839936 0.282794366125017 1
0.606318880571052 0.066213496029377 2
0.758931555086747 0.348170587327331 1
0.969728573923931 0.93992833700031 1
0.780954818474129 0.576118134427816 1
0.951552147744223 0.324123835191131 1
0.400562642375007 0.783519856166095 1
0.616428455105051 0.193117302842438 2
0.494956822367385 0.134460902307183 2
0.425164104206488 0.802846077829599 1
0.853345532203093 0.872589563485235 1
0.834037657594308 0.374888519756496 1
0.0345483042765409 0.796642173547298 1
0.609924143878743 0.359586568549275 2
0.120108822593465 0.213507074397057 2
0.533114881953225 0.637644865550101 1
0.159790528239682 0.353202643338591 2
0.409707617713138 0.269581437110901 2
0.356330037349835 0.480144382920116 2
0.565441973274574 0.65240494068712 1
0.286323371576145 0.185076073277742 2
0.242855208693072 0.192893473431468 2
0.704120001057163 0.592039986979216 1
0.573633296182379 0.856849943287671 1
0.725599699886516 0.46476116636768 1
0.0480323068331927 0.203709002584219 2
0.43870721408166 0.446820763405412 2
0.653245109831914 0.76587054412812 1
0.23761974205263 0.919993442017585 1
0.102588384179398 0.882134759798646 1
0.427422227570787 0.215123842936009 2
0.827384942909703 0.344613761641085 1
0.896165465237573 0.159917111042887 1
0.653416369808838 0.468494765460491 1
0.901182018453255 0.198018485214561 1
0.333820968633518 0.444029836915433 2
0.266534949885681 0.563756950665265 2
0.360312024829909 0.0801272001117468 2
0.538474364439026 0.246927953790873 2
0.724591379752383 0.298919108696282 1
0.895776764722541 0.73199017951265 1
0.551833317382261 0.990681279450655 1
0.861842219019309 0.746051391121 1
0.778113763546571 0.0884788883849978 1
0.115424341754988 0.50001833261922 2
0.293659797636792 0.971914129331708 1
0.946868086466566 0.157285693567246 1
0.223794476827607 0.559350335039198 2
0.156730351271108 0.514339136425406 2
0.26945197279565 0.697987660765648 2
0.443658396834508 0.127647386398166 2
0.279138020938262 0.711165330372751 2
0.578401076840237 0.371218383777887 2
0.474210682092234 0.212265444919467 2
0.910827880958095 0.159194498788565 1
0.999356416752562 0.544593353755772 1
0.00683079031296074 0.317861808929592 1
0.720136471791193 0.456609588116407 1
0.461983945453539 0.841448438819498 1
0.439478579675779 0.87188835721463 1
0.188836126821116 0.516086962539703 2
0.954988970188424 0.863177606835961 1
0.724711047718301 0.646315868478268 1
0.628959694644436 0.189935640431941 2
0.356890459777787 0.868495086673647 1
0.392946262611076 0.008719302713871 2
0.112055070931092 0.285510578658432 2
0.358790591126308 0.615798725746572 2
0.906858275877312 0.407142989803106 1
0.457964266417548 0.331373637542129 2
0.406507699051872 0.630475364159793 2
0.781107118120417 0.884766233153641 1
0.388229550095275 0.244714921806008 2
0.539636105997488 0.909965608268976 1
0.656490791821852 0.194803898688406 2
0.821299519157037 0.410898755304515 1
0.806854120688513 0.0881944489665329 1
0.561551487771794 0.305803121998906 2
0.385340759763494 0.179162609856576 2
0.402621807297692 0.410075732506812 2
0.240176064195111 0.315036328975111 2
0.362156075192615 0.466973870992661 2
0.112792939180508 0.0787125541828573 2
0.483301140135154 0.0855423277243972 2
0.764968070434406 0.611838385928422 1
0.88811086374335 0.695142207667232 1
0.188965967157856 0.853031292092055 1
0.906147194793448 0.875956301577389 1
0.697565817506984 0.175513385329396 2
0.200151555938646 0.674846019595861 2
0.940846156561747 0.658534762915224 1
0.0606615429278463 0.765934887342155 1
0.14660234679468 0.476960909087211 2
0.291447936324403 0.565293604508042 2
0.131271871039644 0.143399159889668 2
0.357647025724873 0.659101665951312 2
0.87824243796058 0.587239230517298 1
0.718463246477768 0.154660545289516 2
0.730417900020257 0.304982805158943 1
0.516317128902301 0.813633440993726 1
0.493916983949021 0.0662371893413365 2
0.04431356000714 0.076886584982276 2
0.999779833713546 0.909748024772853 1
0.663905357709154 0.340307113714516 1
0.920557365985587 0.413846066687256 1
0.0946271575521678 0.0909725017845631 2
0.888658438110724 0.475683023687452 1
0.247774611925706 0.763046558015049 1
0.213329828577116 0.0836314600892365 2
0.0259039017837495 0.42277698405087 1
0.743144029984251 0.817223760765046 1
0.76002656086348 0.64196949545294 1
0.670869854511693 0.0590051584877074 2
0.206374612404034 0.169313505291939 2
0.327600851887837 0.152675823774189 2
0.274611018365249 0.258934370242059 2
0.263016539858654 0.991897017229348 1
0.909360441146418 0.765547199174762 1
0.158651447156444 0.774136304389685 1
0.796935317805037 0.365587224252522 1
0.371046968968585 0.903926833067089 1
0.819132246775553 0.513691734522581 1
0.151661034906283 0.27991567319259 2
0.425973687088117 0.993908572010696 1
0.840410589473322 0.45007621916011 1
0.349269970087335 0.175006190314889 2
0.579721885034814 0.369459654670209 2
0.328876623651013 0.329260275699198 2
0.345963587285951 0.744860480073839 2
0.773522008908913 0.624091930687428 1
0.345137693220749 0.200771102216095 2
0.528080269461498 0.645932420156896 1
0.0697032616008073 0.751000486779958 1
0.169164593098685 0.565689479932189 2
0.563407955924049 0.310331873130053 2
0.500915786018595 0.305190187878907 2
0.691002399893478 0.230594551656395 2
0.172861159546301 0.313975397497416 2
0.459712345385924 0.095524703618139 2
0.591718729352579 0.815820734016597 1
0.689343652920797 0.258790303487331 1
0.549021727172658 0.634359152987599 1
0.577895084628835 0.859555083792657 1
0.236438425024971 0.957180061377585 1
0.959553909720853 0.299956562463194 1
0.570662271929905 0.647780001163483 1
0.301949322456494 0.418873132672161 2
0.999747343128547 0.964739895425737 1
0.73953867261298 0.846355215180665 1
0.21276410180144 0.797503856942058 1
0.690001508453861 0.273095473181456 1
0.424650473287329 0.77813455928117 1
0.850516432197765 0.619313089642674 1
0.158133231801912 0.878420170396566 1
0.620795767987147 0.337427107151598 2
0.694594699656591 0.351707848720253 1
0.249753042357042 0.332893830258399 2
0.615759758977219 0.128838801756501 2
0.252678277203813 0.23758329031989 2
0.108078175922856 0.0275599071756005 2
0.8957960952539 0.0200697728432715 1
0.95167723740451 0.384786896407604 1
0.79508163803257 0.167211407329887 1
0.365759700303897 0.971094100736082 1
0.926209296332672 0.92139381961897 1
0.132322053192183 0.296805759891868 2
0.59250925318338 0.307812846731395 2
0.670068090548739 0.669063893146813 1
0.147806839318946 0.936171314213425 1
0.980392799479887 0.609247732907534 1
0.521019701147452 0.811164875980467 1
0.637311558937654 0.490119720809162 1
0.839387781219557 0.636131916660815 1
0.243209651438519 0.502073066309094 2
0.697211111197248 0.344242516439408 1
0.0222870872821659 0.307855867780745 2
0.866970417322591 0.841601478401572 1
0.473573741270229 0.995146796107292 1
0.499705538386479 0.196640418376774 2
0.255389801925048 0.18635734077543 2
0.111526656197384 0.760173917282373 1
0.723126533208415 0.415035618469119 1
0.903133338550106 0.950494735967368 1
0.792222348740324 0.128246744163334 1
0.209216394694522 0.687883092556149 2
0.0482091985177249 0.924304764717817 1
0.124617543304339 0.712905002292246 1
0.275704268133268 0.885231154970825 1
0.604121892945841 0.272874679882079 2
0.828221990494058 0.113314876332879 1
0.58275823504664 0.910856004338712 1
0.510681370040402 0.831148997880518 1
0.913482149364427 0.341578046325594 1
0.896483619464561 0.654518879950047 1
0.16911692195572 0.64863965800032 2
0.2510351089295 0.897516920231283 1
0.605427275644615 0.287378125358373 2
0.483590627787635 0.0192588623613119 2
0.832200912991539 0.627776883076876 1
0.799291958799586 0.571576667018235 1
0.989212871761993 0.0217872918583453 1
0.973276764852926 0.257062945514917 1
0.473947692895308 0.629439478274435 2
0.418732788180932 0.956841955892742 1
0.517954400973395 0.488117237109691 2
0.470772362081334 0.837442161515355 1
0.158709297189489 0.5593719962053 2
0.558002235135064 0.896145352162421 1
0.403861564816907 0.73765084380284 2
0.183663707925007 0.554187327623367 2
0.634736687177792 0.055313618388027 2
0.888218082254753 0.157185143791139 1
0.545972678111866 0.568314061034471 2
0.615252422867343 0.492165921255946 1
0.168164124945179 0.65692003024742 1
0.152580631664023 0.680572216399014 1
0.770389043958858 0.725847779307514 1
0.570414834422991 0.0566189549863338 2
0.689493548357859 0.538185296114534 1
0.828482080018148 0.890376928262413 1
0.383009328739718 0.66747970553115 2
0.973961352137849 0.0649578515440226 1
0.252578946063295 0.802363734226674 1
0.602115893503651 0.067175985313952 2
0.0347639371175319 0.888096238020808 1
0.501495842589065 0.901061318814754 1
0.806110732490197 0.339391791727394 1
0.655586182838306 0.783599316142499 1
0.899349387036636 0.808914341498166 1
0.0227750043850392 0.732072224840522 1
0.277600122848526 0.245809919666499 2
0.766517078271136 0.402376946993172 1
0.163462684722617 0.228653422091156 2
0.857567743165419 0.787694472819567 1
0.969863508129492 0.807184448000044 1
0.220162104582414 0.636885876767337 2
0.82953569968231 0.337207202333957 1
0.844014546601102 0.701989876106381 1
0.270006830105558 0.0430294605903327 2
0.534013556083664 0.174196952022612 2
0.830969539703801 0.291815596166998 1
0.219486859394237 0.917675033211708 1
0.670909956330433 0.814228670205921 1
0.99491187161766 0.360621741972864 1
0.459868925856426 0.35573658393696 2
0.313946458278224 0.152918202802539 2
0.10521105513908 0.492957293521613 2
0.00865500955842435 0.949759413488209 1
0.107276567490771 0.599418087396771 1
0.0558048270177096 0.930636178702116 1
0.591790970647708 0.195103926118463 2
0.262107822811231 0.913043606095016 1
0.315907537238672 0.164169844705611 2
0.290282531408593 0.170291164889932 2
0.194757597753778 0.575192417483777 2
0.697811433812603 0.312789306975901 1
0.145383646013215 0.0883352854289114 2
0.910268594278023 0.842187650501728 1
0.294930257136002 0.183803746011108 2
0.301092609530315 0.237739725969732 2
0.849967818008736 0.69596340553835 1
0.799679870484397 0.684269284829497 1
0.173824070254341 0.387497894000262 2
0.699673136463389 0.801113170571625 1
0.86879846570082 0.547980642411858 1
0.589320421917364 0.981415752321482 1
0.910134334350005 0.851235722657293 1
0.575779195642099 0.201149920932949 2
0.128623864846304 0.955862749833614 1
0.225240892497823 0.407239647582173 2
0.588720897445455 0.583300847094506 1
0.890750737627968 0.844159104861319 1
0.659036529483274 0.0578066729940474 2
0.349597883177921 0.928383350372314 1
0.822092533344403 0.542721511330456 1
0.92215085751377 0.530065572820604 1
0.520207586931065 0.457402423489839 2
0.494013326941058 0.771315900608897 1
0.584391316631809 0.809192463289946 1
0.113375169923529 0.70045677293092 1
0.0431211527902633 0.424804954323918 1
0.0854338638018817 0.451629873365164 2
0.357876997673884 0.315496829804033 2
0.735761184012517 0.749129625968635 1
0.382308705942705 0.660406034905463 2
0.264490215806291 0.865838253870606 1
0.591911377618089 0.14242799161002 2
0.363197678467259 0.395137400366366 2
0.381083463551477 0.621006126049906 2
0.516356562031433 0.445671312510967 2
0.474442683393136 0.376211458351463 2
0.159234076505527 0.11833658721298 2
0.749274756060913 0.408486254978925 1
0.114109913585708 0.374873479828238 2
0.015989942708984 0.528426743578166 1
0.976689820876345 0.657433775253594 1
0.553462402196601 0.22097989032045 2
0.374589488608763 0.868500221520662 1
0.446127359056845 0.518429239746183 2
0.269763748859987 0.570532525889575 2
0.019711083965376 0.366544817108661 1
0.726756087271497 0.514714913442731 1
0.92246868670918 0.21827209321782 1
0.818643467267975 0.858180248178542 1
0.648804721655324 0.839335011783987 1
0.592551466776058 0.679085716605186 1
0.5521516057197 0.560128079261631 1
0.266614727443084 0.64891507383436 2
0.643980848835781 0.458272517193109 1
0.0802577163558453 0.971382452175021 1
0.725822096923366 0.20621147705242 1
0.469670800259337 0.947312732227147 1
0.651164987357333 0.568219317588955 1
0.490356632275507 0.774873476475477 1
0.764118816936389 0.781199944671243 1
0.658621851122007 0.44453342538327 1
0.811705022351816 0.303649213630706 1
0.633889092830941 0.838122555986047 1
0.876657473156229 0.667156394105405 1
0.413704314967617 0.391368702985346 2
0.127605577232316 0.414819697383791 2
0.963314433349296 0.929285742342472 1
0.433515198761597 0.360950866248459 2
0.451690271263942 0.533788337372243 2
0.139262388693169 0.65644382731989 1
0.515869821188971 0.552908247336745 2
0.549214927712455 0.39418240590021 2
0.225496819010004 0.110987198539078 2
0.91569668170996 0.738862103316933 1
0.669429630739614 0.729221317917109 1
0.979209769750014 0.815600936766714 1
0.336295451736078 0.915932129137218 1
0.357289544539526 0.841714341659099 1
0.710864818422124 0.835939111188054 1
0.328867385396734 0.236029136460274 2
0.758121432503685 0.41840881947428 1
0.811016303719953 0.690111550036818 1
0.216902297688648 0.512555569410324 2
0.574954360956326 0.435784311499447 2
0.874983168905601 0.950568682514131 1
0.998180899070576 0.193307802546769 1
0.247484314022586 0.627141295000911 2
0.899620583513752 0.534600272309035 1
0.330471588065848 0.954975728876889 1
0.254650258691981 0.645872114691883 2
0.351627819938585 0.305640425533056 2
0.836883615935221 0.724049208220094 1
0.689869511639699 0.29515344183892 1
0.0835886739660054 0.491360318381339 2
0.385783849982545 0.0236675087362528 2
0.731613071868196 0.562463562469929 1
0.914761030813679 0.628631652332842 1
0.0206921745557338 0.648486936930567 1
0.144696895731613 0.760804377496243 1
0.511014990741387 0.832357907202095 1
0.65014088130556 0.842493413947523 1
0.811922903405502 0.399797060061246 1
0.804764280794188 0.217397024855018 1
0.768616212764755 0.960350818466395 1
0.324023818364367 0.551421877928078 2
0.903743491740897 0.842838218901306 1
0.179895535809919 0.0938524790108204 2
0.160748753929511 0.999586751218885 1
0.0595539917703718 0.658247168175876 1
0.245851434068754 0.903832260984927 1
0.789871773449704 0.432435678318143 1
0.115534181008115 0.17465791432187 2
0.399614320835099 0.976993256248534 1
0.406413463177159 0.913847225252539 2
0.741205063415691 0.0215663462877274 1
0.85436798655428 0.989026145543903 2
0.843935869401321 0.918424836359918 2
0.999799925135449 0.747469217050821 2
0.420497807441279 0.862615866586566 2
0.725903963902965 0.89494478655979 2
0.198707220843062 0.238094200380147 1
0.426819154294208 0.523974283132702 1
0.000302114291116595 0.699204158037901 2
0.852538582170382 0.525880557950586 2
0.738683853065595 0.846888112835586 2
0.927451848285273 0.871000286657363 2
0.757479174761102 0.608996549621224 2
0.0893953612539917 0.491435434203595 1
0.181797513505444 0.684074685908854 2
0.94608544302173 0.750718782190233 2
0.204058636678383 0.658000655472279 1
0.295809246832505 0.734768518712372 1
0.476265594130382 0.652850254438818 1
0.809248487697914 0.848506890702993 2
0.0305979799013585 0.617363249883056 2
0.919310985365883 0.452517918776721 2
0.400200506439433 0.618386250920594 1
0.715845019789413 0.52411917457357 2
0.862041891319677 0.742667142301798 2
0.892111499095336 0.577222620602697 2
0.973719056462869 0.46837608050555 2
0.0398889400530607 0.325359512586147 1
0.826081639854237 0.615728052332997 2
0.840086261043325 0.822244364302605 2
0.683551819762215 0.236081996001303 1
0.945738387526944 0.0642529749311507 2
0.934014451457188 0.0488914847373962 2
0.604259670013562 0.289189518895 1
0.520152516430244 0.285881972871721 1
0.315830114530399 0.455717698205262 1
0.274102884111926 0.0518296044319868 1
0.0747894255910069 0.637830957304686 2
0.827307386090979 0.56131658423692 2
0.990913861664012 0.318736760411412 2
0.0174342028331012 0.860838111490011 2
0.337450903141871 0.818529931362718 2
0.964244562899694 0.895635875873268 2
0.322786732809618 0.340030055958778 1
0.236279754666612 0.0306331161409616 1
0.132621528813615 0.367157946806401 1
0.780243450542912 0.384846241213381 2
0.0395275701303035 0.400226170662791 2
0.534954343689606 0.58864801377058 1
0.626765154534951 0.262518638279289 1
0.901744097238407 0.823257296346128 2
0.423231329070404 0.46253425674513 1
0.493175606010482 0.251830359920859 1
0.496416433015838 0.346269644331187 1
0.831956570735201 0.201528755016625 2
0.800243453355506 0.0239159078337252 2
0.921923384768888 0.705938745290041 2
0.324665192747489 0.30534448241815 1
0.862970333313569 0.267217303626239 2
0.343894249992445 0.128757033962756 1
0.931799105135724 0.947339670732617 2
0.310140813002363 0.216874423902482 1
0.800363616785035 0.147823476232588 2
0.189733264269307 0.945039736572653 2
0.813885149313137 0.687304422259331 2
0.288496598834172 0.655610369052738 1
0.50031279749237 0.0363385295495391 1
0.863263654755428 0.903014183510095 2
0.733104231534526 0.818805946037173 2
0.0663941560778767 0.363844722043723 1
0.219201771309599 0.939291317947209 2
0.0201765683013946 0.396370484028012 2
0.234078773064539 0.945815723389387 2
0.0679877663496882 0.483833265956491 2
0.775731328641996 0.487295168451965 2
0.499085515039042 0.0459105637855828 1
0.559490277199075 0.975100645795465 2
0.293908762047067 0.352717037778348 1
0.525528529426083 0.808094755746424 2
0.686760743381456 0.525720039848238 2
0.780938704265282 0.770519889891148 2
0.592749901348725 0.859944203402847 2
0.148256078129634 0.462112977169454 1
0.195863615022972 0.951840095687658 2
0.742301846621558 0.869821792468429 2
0.245049743214622 0.367191932629794 1
0.247221698751673 0.440497827716172 1
0.855180979939178 0.833439356181771 2
0.815594703657553 0.26394072547555 2
0.85977702238597 0.190788274165243 2
0.761487509822473 0.225669275037944 2
0.0123595513869077 0.586485762614757 2
0.469328856794164 0.238793971017003 1
0.583315024385229 0.646634030621499 2
0.190479399403557 0.914366134442389 2
0.149140280904248 0.609918447677046 1
0.649371844483539 0.279578596353531 1
0.62094596051611 0.657624633517116 2
0.631096400087699 0.403192943893373 2
0.809092733310536 0.924319610465318 2
0.972306537209079 0.0375683289021254 2
0.0708353428635746 0.9235720182769 2
0.627320063998923 0.636666839011014 2
0.837849461706355 0.373086391482502 2
0.73129051248543 0.359410431236029 2
0.0705163592938334 0.653626499231905 2
0.832323837792501 0.917764428071678 2
0.935840382473543 0.386102747637779 2
0.714415429858491 0.378922576084733 2
0.255874248454347 0.861198644619435 2
0.483082437654957 0.280968667007983 1
0.523527150275186 0.305911327246577 1
0.835566405905411 0.671389721333981 2
0.532630674773827 0.221381151583046 1
0.687481224304065 0.927815734408796 2
0.919137533055618 0.276385345030576 2
0.577781389234588 0.470360985025764 1
0.160328103462234 0.490870721172541 1
0.523925577988848 0.724941906519234 2
0.828899787040427 0.693900457117707 2
0.24911053548567 0.946946520358324 2
0.148814175510779 0.490389933343977 1
0.95345027348958 0.764630432240665 2
0.149777031736448 0.221006636042148 1
